2661.428571
2640.071429
2619.535714
2599
2578.464286
2557.928571
2537.392857
2516.857143
2496.321429
2474.964286
2454.428571
2433.892857
2413.357143
2392.821429
2372.285714
2351.75
2331.214286
2310.678571
2289.321429
2268.785714
2248.25
2227.714286
2207.178571
2186.642857
2166.107143
2145.571429
2124.214286
2103.678571
2083.142857
2062.607143
2042.071429
2021.535714
2001
1980.464286
1959.928571
1938.571429
1918.035714
1897.5
1876.964286
1856.428571
1835.892857
1815.357143
1794.821429
1774.285714
1757.5
1714.642857
1685.714286
1657.142857
1628.571429
1592.857143
