2484
2464.066667
2444.9
2425.733333
2406.566667
2387.4
2368.233333
2349.066667
2329.9
2309.966667
2290.8
2271.633333
2252.466667
2233.3
2214.133333
2194.966667
2175.8
2156.633333
2136.7
2117.533333
2098.366667
2079.2
2060.033333
2040.866667
2021.7
2002.533333
1982.6
1963.433333
1944.266667
1925.1
1905.933333
1886.766667
1867.6
1848.433333
1829.266667
1809.333333
1790.166667
1771
1751.833333
1732.666667
1713.5
1694.333333
1675.166667
1656
1640.333333
1600.333333
1573.333333
1546.666667
1520
1486.666667
