2866.153846
2843.153846
2821.038462
2798.923077
2776.807692
2754.692308
2732.576923
2710.461538
2688.346154
2665.346154
2643.230769
2621.115385
2599
2576.884615
2554.769231
2532.653846
2510.538462
2488.423077
2465.423077
2443.307692
2421.192308
2399.076923
2376.961538
2354.846154
2332.730769
2310.615385
2287.615385
2265.5
2243.384615
2221.269231
2199.153846
2177.038462
2154.923077
2132.807692
2110.692308
2087.692308
2065.576923
2043.461538
2021.346154
1999.230769
1977.115385
1955
1932.884615
1910.769231
1892.692308
1846.538462
1815.384615
1784.615385
1753.846154
1715.384615
