3726.0000
3696.1000
3667.3500
3638.6000
3609.8500
3581.1000
3552.3500
3523.6000
3494.8500
3464.9500
3436.2000
3407.4500
3378.7000
3349.9500
3321.2000
3292.4500
3263.7000
3234.9500
3205.0500
3176.3000
3147.5500
3118.8000
3090.0500
3061.3000
3032.5500
3003.8000
2973.9000
2945.1500
2916.4000
2887.6500
2858.9000
2830.1500
2801.4000
2772.6500
2743.9000
2714.0000
2685.2500
2656.5000
2627.7500
2599.0000
2570.2500
2541.5000
2512.7500
2484.0000
2460.5000
2400.5000
2360.0000
2320.0000
2280.0000
2230.0000
