2235.6000
2217.6600
2200.4100
2183.1600
2165.9100
2148.6600
2131.4100
2114.1600
2096.9100
2078.9700
2061.7200
2044.4700
2027.2200
2009.9700
1992.7200
1975.4700
1958.2200
1940.9700
1923.0300
1905.7800
1888.5300
1871.2800
1854.0300
1836.7800
1819.5300
1802.2800
1784.3400
1767.0900
1749.8400
1732.5900
1715.3400
1698.0900
1680.8400
1663.5900
1646.3400
1628.4000
1611.1500
1593.9000
1576.6500
1559.4000
1542.1500
1524.9000
1507.6500
1490.4000
1476.3000
1440.3000
1416.0000
1392.0000
1368.0000
1338.0000
