3531.6000
3503.6136
3476.3172
3449.0208
3421.7244
3394.4280
3367.1316
3339.8352
3312.5388
3284.5524
3257.2560
3229.9596
3202.6632
3175.3668
3148.0704
3120.7740
3093.4776
3066.1812
3038.1948
3010.8984
2983.6020
2956.3056
2929.0092
2901.7128
2874.4164
2847.1200
2819.1336
2791.8372
2764.5408
2737.2444
2709.9480
2682.6516
2655.3552
2628.0588
2600.7624
2572.7760
2545.4796
2518.1832
2490.8868
2463.5904
2436.2940
2408.9976
2381.7012
2354.4048
2324.3000
2272.3000
2232.0000
2192.0000
2156.0000
2114.0000
